Output:
Store 			              Monthly Sales	               Store
Location		                  (thousands of $)		          Totals
		     Jan	     Feb       Mar       Apr       May       Jun	
Chilliwack     400       500       500       600       500       600       3100 
Kamloops	     600       800       800       800       900       900       4800 
Kelowna	     700       700       700       900       900       1000      4900
Nanaimo	     500       600       700       800       700       700       4000
Surrey	     800       700       800       700       900       800       4700 
Vancouver	     1000      1100      1200      1300      1400      1400      7400
Victoria       900       900       900       1000      1100      1100      5900
Month Totals   4900           5300      5600      6100      6400      6500      34800
